1928.0475915876038
1945.237929640814
1984.0593888588387
2034.5320049100696
2065.044692298088
2097.228572187709
2124.9716689657257
2165.2015188277514
2197.385398717371
2229.5692786069912
2249.266405412603
2273.4043153298185
2293.937038386232
2322.5157314150492
2359.1403944162726
2407.4162142507025
2447.6460641127273
2495.9218839471578
2543.362107530787
2595.243114226019
2643.5189340604493
2699.8407238672844
2756.1625136741195
2812.4843034809546
2892.9440032050047
2989.495642873865
3078.0013125703204
3146.8098554611634
3207.572428379601
3236.1511214084194
3252.24306135323
3276.380971270444
3312.1700380208663
3352.3998878828916
3388.188954633314
3413.1624608013303
3440.9055575793473
3460.6026843849595
3466.714659998163
3549.1083540814147
3576.3258471442323
3715.0413310343183
3859.8687905376087
3971.9867664360786
3792.9202028603686
3566.413415701029
3696.24733336791
4080.3783256501474
3985.01946544569
3533.5827022726094
3596.2792695502485
3854.754325419609
3945.719593190466
4198.082673446622
4392.762763929943
4499.247177252409
4558.028565133645
4556.620174489644
4562.422157567247
4574.598918115655
4555.164593167642
4530.191086999627
4506.053177082412
4467.494519721989
4423.396681141562
4404.535150586748
4403.699554335948
4385.936421889538
4364.830904439923
4313.212699602291
4247.17374732145
4185.575578152212
4136.464162066981
4091.7935290933533
4075.701589148543
4075.701589148543
4099.839499065758
4140.069348927784
4180.2991987898085
4228.5750186242385
4292.942778403479
4337.613411377107
4377.843261239132
4410.027141128751
4437.77023790677
4461.908147823985
4486.0460577412
4526.275907603224
4578.992510549257
4656.6826196633065
4751.300264972965
4853.963880255029
4932.489585619878
4990.482567928314
5027.107230929538
5038.758387762745
5018.2256647063305
4977.995814844307
4948.5815255646885
4891.996933900253
4866.760625874637
4881.754167711048
4910.070058882265
4918.426021390271
4788.94928693699
4868.000596017038
4911.262838346665
4947.577508812289
4989.431360497914
4913.149642027867
4780.020530035785
4840.735912276223
4939.174355626282
4967.1802542619
4949.15431995789
4934.73357251468
4906.727673879062
4840.9987141338215
4812.6828229626035
4837.346336595018
4761.5902218401725
4708.563626358539
4650.307842192502
4457.036142353181
4121.228160583374
4283.4615693194755
4422.129862531561
4013.9081510101073
4037.4732665341226
3774.5574275531585
3357.1441572728995
3047.3136984235066
2444.6275075983326
2376.6073702802896
2535.714005192787
2602.756974226028
2691.1682625664826
2750.475254162919
2337.239965136663
1950.9121766376231
1970.0365090500352
1952.273376603624
2018.2651382064646
2230.1355667429957
1251.4587349639892
622.2222268251983
1033.7863233498538
1042.6678895730595
1777.2904129259152
2011.0547644848605
2198.5244812465767
1804.197913453132
1288.9661848940125
1382.1754395596706
1295.388153042817
1432.3852537533019
1581.2963131545944
1546.3428426549726
1292.308569897215
1381.6026451664704
1623.15016484022
1906.0259324843958
2090.72605863611
2097.9364323577147
2265.7090223138184
1920.7094817852046
1872.4336619507744
1689.930332015861
1720.9686231190801
1732.8825818098876
1578.6951430461918
1585.6427149101964
1583.445918693395
1707.430662604672
1710.5102457502744
1929.0654442932102
2375.845813175087
2497.8965627271637
2607.197757337631
2756.991603667725
2938.3965354942375
2936.7725336706367
2784.5662799441434
2812.6193692577604
2748.0359982989207
2725.879273418907
2769.7143101417346
3036.2353359834997
3153.0097061731726
3257.0345214212375
3426.788296414543
3702.190888479514
3757.677082035549
3792.630552535171
4036.374868425721
3951.211583732468
3823.0488585671883
3672.419415986295
3531.197143343806
3521.1227976561995
3364.071386926501
3452.745477124556
3629.615244483465
3525.8532310930004
3423.189615810936
3464.2078712457615
3429.874385817341
3422.138408380537
3537.2415860686074
3559.708303484222
3566.918677205826
3572.4578584258297
3549.9911410102154
3530.294014204603
3543.8791653970115
3558.2999128402207
3579.931034005034
3587.977003977439
3569.9510696734283
3569.1154734226275
3587.977003977439
3596.022973949844
3588.8126002282397
3591.5821908382413
3579.095437754233
3582.700624615036
3621.259281975459
3632.910438808667
3621.259281975459
3582.700624615036
3546.075961613813
3527.477232916601
3496.3917511353816
3475.859028078969
3483.904998051374
3488.3457811629764
3484.7405943021745
3418.4388401637334
3322.7227967456733
3253.0786576040296
3147.645451711964
3006.423179069476
2833.017026537368
2651.5649040328544
2503.132257668762
2397.699051776696
2317.2393520526457
2220.6877123837858
2116.0901027425202
2032.0252161576677
1956.0062995452206
1911.3356665715926
1895.2437266267827
1903.2896965991877
1927.4276065164026
1983.7493963232378
2043.6763729908755
2108.0441327701155
2156.3199526045455
2204.5957724389755
2301.147412107836
2454.0208415835314
2635.472964088044
2804.43833350855
2961.752546095848
3126.277132404751
3260.289031325635
3357.676267245295
3430.08999699694
3495.293353026981
3537.1943953906075
3571.0494677818283
3587.977003977439
3622.930474477061
3638.18681817107
3649.0023787534774
3667.863909308289
3696.4426023371066
3737.508048449932
3771.3631208411534
3805.2181932323747
3834.632482511993
3886.5134892072256
3897.0662479320317
3899.573036684434
3912.059789768441
3917.3361691308446
3962.2696039620732
3991.946695099291
3991.111098848491
3969.4799776836767
3962.2696039620732
3947.0132602680637
3926.4805372116507
3882.6455004888235
3842.4156506267977
3772.5087096275543
3743.094420347936
3743.3572222055363
3716.449721678319
3668.7466962370895
3621.0436707958606
3587.761392797839
3589.695387157041
3610.4909120710536
3636.82561820507
3639.022414421871
3608.7725288914517
3584.634618974237
3563.0034978094236
3568.279877171827
3596.022973949844
3644.298793784274
3683.4302455378984
3653.2275506854803
3552.855112976218
3673.4974718842936
3737.555239127933
3775.5411020951565
3780.244687064359
3740.2776390599342
3599.8909626682466
3451.1955144465537
3315.5596137020693
3257.5666313936326
3200.099252800397
2964.2593348482496
2644.35453031125
2442.369684750324
2244.8256223010007
2032.0252161576677
1871.1058167095675
1762.0674239566995
1697.6996641774592
1713.7916041222695
1705.7456341498644
1689.6536942050545
1721.8375740946742
1810.3432437911297
1947.1247333220151
2091.9521928253052
2180.45786252176
2206.266964940577
2143.3547864833376
2214.6701181265826
2160.329513356949
1814.804369113135
1942.3942998852142
2209.48812012018
2230.3308357121937
2765.0440798973254
2310.5277335786436
2281.329055478625
2341.3772619698607
2148.273982632141
2035.6304030184704
1979.308613211635
1912.1712628223934
1842.5271236807496
1770.1133939291049
1650.3066312718304
1747.1210727982905
1824.8111819123387
1933.2767802720068
1862.2714411643622
1883.3297679359755
1845.8695086839518
1820.8960025159365
1843.3627199315501
1858.6190636255596
1858.6190636255596
1863.0598467371626
1879.1517866819727
1883.5925697935754
1888.033352905178
1875.5465998211703
1858.6190636255596
1834.481153708345
1810.3432437911297
1786.2053338739145
1762.0674239566995
1721.8375740946742
1689.6536942050545
1657.4698143154344
1633.3319043982192
1609.1939944810042
1593.1020545361941
1593.1020545361941
1617.239964453409
1617.239964453409
1593.1020545361941
1560.9181746465738
1520.6883247845487
1488.5044448949286
1472.4125049501188
1464.3665349777139
1464.3665349777139
1472.4125049501188
1480.458474922524
1488.5044448949286
1496.5504148673338
1496.5504148673338
1488.5044448949286
1496.5504148673338
1512.6423548121438
1528.7342947569541
1536.7802647293588
1536.7802647293588
1536.7802647293588
1552.8722046741689
1568.964144618979
1593.1020545361941
1609.1939944810042
1633.3319043982192
1661.9105974270374
1694.9300735674578
1709.9236154038672
1710.4964097970676
1717.443981661072
1712.7403966918691
1698.3196492486602
1639.8010632250239
1536.0862405125597
1516.1263118493473
1508.6531362701426
1487.59480949853
1536.7062255837604
1747.7882485474918
1978.5673983168356
2136.407214619334
2252.0831867006054
2324.759718309851
2361.6471831686736
2378.837521221884
2397.699051776696
2397.699051776696
2405.745021749101
2413.790991721506
2413.790991721506
2390.488678055092
2336.6736770006582
2250.674796056605
2210.7077480521793
2128.5768558265277
2051.7223429632804
1979.308613211635
1939.07876334961
1939.07876334961
1971.2626432392299
2019.5384630736603
2065.044692298088
2114.99170463412
2065.92747922689
2023.2380312904634
1981.6469814624375
2141.946395839337
2176.064270088158
2205.7413612253767
2198.5309875037724
2191.3206137821676
2209.3465480861787
2196.0241987513705
2216.8197236653837
2215.1485311637825
2222.3589048853864
2225.1284954953885
2161.5963319669486
2083.9062228529006
2056.1631260748827
2065.044692298088
2068.649879158891
2132.1820426873305
2091.9521928253052
2027.584433046065
2067.8142829080903
2072.255066019693
2019.2756612160601
1956.0062995452206
1842.5271236807496
1726.2783572062774
1627.7927231782157
1605.588807620202
1633.3319043982192
1705.7456341498644
1745.9754840118892
1745.9754840118892
1673.5617542602442
1496.5504148673338
1375.8608652812586
1383.9068352536635
1335.6310154192333
1239.0793757503732
1206.895495860753
1174.711615971133
1086.205946274678
1013.7922165230325
989.6543066058175
1029.8841564678426
1078.1599763022728
1094.2519162470826
1102.2978862194877
1126.435796136703
1142.5277360815128
1174.711615971133
1134.481766109108
1078.1599763022728
981.6083366334125
941.3784867713874
965.5163966886025
989.6543066058175
973.5623666610076
949.4244567437925
877.0107269921473
820.688937185312
828.7349071577172
836.7808771301221
885.0566969645524
893.1026669369572
877.0107269921473
852.8728170749322
828.7349071577172
804.5969972405021
772.413117350882
740.229237461262
699.9993875992368
667.8155077096167
595.4017779579716
522.9880482063263
458.6202884270862
402.29849862025105
362.06864875822595
329.8847688686058
281.60894903417574
241.37909917215063
201.14924931012553
185.0573093653155
193.1032793377205
209.19521928253053
225.28715922734057
217.24118925493556
217.24118925493556
201.14924931012553
177.01133939291046
160.91939944810042
177.01133939291046
193.1032793377205
201.14924931012553
193.1032793377205
185.0573093653155
168.96536942050545
168.96536942050545
177.01133939291046
185.0573093653155
193.1032793377205
201.14924931012553
193.1032793377205
185.0573093653155
177.01133939291046
168.96536942050545
152.8734294756954
144.82745950329036
144.82745950329036
136.78148953088532
144.82745950329036
144.82745950329036
144.82745950329036
136.78148953088532
128.73551955848032
128.73551955848032
120.68954958607532
120.68954958607532
112.64357961367028
104.59760964126527
96.55163966886025
88.50566969645523
80.45969972405021
72.41372975164518
64.36775977924016
48.27581983443012
48.27581983443012
40.229849862025105
32.18387988962008
32.18387988962008
24.13790991721506
24.13790991721506
24.13790991721506
16.09193994481004
8.04596997240502
8.04596997240502
8.04596997240502
0.0
0.0
0.0
0.0
0.0
0.0
0.0
0.0
0.0
0.0
0.0
0.0
0.0
0.0
0.0
0.0
0.0
0.0
0.0
0.0
0.0
0.0
0.0
0.0
0.0
0.0
0.0
0.0
0.0
0.0
0.0
0.0
0.0
0.0
0.0
0.0
0.0
0.0
0.0
0.0
0.0
0.0
0.0
0.0
0.0
0.0
0.0
0.0
0.0
0.0
0.0
0.0
0.0
0.0
0.0
0.0
0.0
0.0
0.0
0.0
0.0
0.0
0.0
0.0
0.0
0.0
0.0
0.0
0.0
0.0
0.0
0.0
0.0
0.0
0.0
0.0
0.0
0.0
0.0
0.0
0.0
0.0
0.0
0.0
0.0
0.0
0.0
0.0
0.0
0.0
0.0
0.0
0.0
0.0
0.0
0.0
0.0
0.0
0.0
0.0
0.0
0.0
0.0
0.0
0.0
0.0
0.0
0.0
0.0
0.0
0.0
0.0
0.0
0.0
0.0
0.0
0.0
0.0
0.0
0.0
0.0
0.0
0.0
0.0
0.0
0.0
0.0
0.0
0.0
0.0
0.0
0.0
0.0
0.0
0.0
0.0
0.0
0.0
0.0
0.0
0.0
0.0
0.0
0.0
0.0
0.0
0.0
0.0
0.0
0.0
0.0
0.0
0.0
0.0
0.0
0.0
0.0
0.0
0.0
0.0
0.0
0.0
0.0
0.0
0.0
0.0
0.0
0.0
0.0
0.0
0.0
0.0
0.0
0.0
0.0
0.0
0.0
0.0
0.0
0.0
0.0
0.0
0.0
0.0
0.0
0.0
0.0
0.0
0.0
0.0
0.0
0.0
0.0
0.0
0.0
0.0
0.0
0.0
0.0
0.0
0.0
0.0
0.0
0.0
0.0
0.0
0.0
0.0
0.0
0.0
0.0
0.0
0.0
0.0
0.0
0.0
0.0
0.0
0.0
0.0
0.0
0.0
0.0
0.0
0.0
0.0
0.0
0.0
0.0
0.0
0.0
0.0
0.0
0.0
0.0
0.0
0.0
0.0
0.0
0.0
0.0
0.0
0.0
0.0
0.0
0.0
0.0
0.0
0.0
0.0
0.0
0.0
0.0
0.0
0.0
0.0
0.0
0.0
0.0
0.0
0.0
0.0
0.0
0.0
0.0
0.0
0.0
0.0
0.0
0.0
0.0
0.0
0.0
0.0
0.0
0.0
0.0
0.0
0.0
0.0
0.0
0.0
0.0
0.0
0.0
0.0
0.0
0.0
0.0
0.0
0.0
0.0
0.0
0.0
0.0
0.0
0.0
0.0
0.0
0.0
0.0
0.0
0.0
0.0
0.0
0.0
0.0
0.0
0.0
0.0
0.0
0.0
0.0
0.0
0.0
0.0
0.0
0.0
0.0
0.0
0.0
0.0
0.0
0.0
0.0
0.0
0.0
0.0
0.0
0.0
0.0
0.0
0.0
0.0
0.0
0.0
0.0
0.0
0.0
0.0
0.0
0.0
0.0
0.0
0.0
0.0
0.0
0.0
0.0
0.0
0.0
0.0
0.0
0.0
0.0
0.0
0.0
0.0
0.0
0.0
0.0
0.0
0.0
0.0
0.0
0.0
0.0
0.0
0.0
0.0
0.0
0.0
0.0
0.0
0.0
0.0
0.0
0.0
0.0
0.0
0.0
0.0
0.0
0.0
0.0
0.0
0.0
0.0
0.0
0.0
0.0
0.0
0.0
0.0
0.0
0.0
0.0
0.0
0.0
0.0
0.0
0.0
0.0
0.0
0.0
0.0
0.0
0.0
0.0
0.0
0.0
0.0
0.0
0.0
0.0
0.0
0.0
0.0
0.0
0.0
0.0
0.0
0.0
0.0
0.0
0.0
0.0
0.0
0.0
0.0
0.0
0.0
0.0
0.0
0.0
0.0
0.0
0.0
0.0
0.0
0.0
0.0
0.0
0.0
0.0
0.0
0.0
0.0
0.0
0.0
0.0
0.0
0.0
0.0
0.0
0.0
0.0
0.0
0.0
0.0
0.0
0.0
0.0
0.0
0.0
0.0
0.0
0.0
0.0
0.0
0.0
0.0
0.0
0.0
0.0
0.0
0.0
0.0
0.0
0.0
0.0
0.0
0.0
0.0
0.0
0.0
0.0
0.0
0.0
0.0
0.0
0.0
0.0
0.0
0.0
0.0
0.0
0.0
0.0
0.0
0.0
0.0
0.0
0.0
0.0
0.0
0.0
0.0
0.0
0.0
0.0
0.0
0.0
0.0
0.0
0.0
0.0
0.0
0.0
0.0
0.0
0.0
0.0
0.0
0.0
0.0
0.0
0.0
0.0
0.0
0.0
0.0
0.0
0.0
0.0
0.0
0.0
0.0
0.0
0.0
0.0
0.0
0.0
0.0
0.0
0.0
0.0
0.0
0.0
0.0
0.0
0.0
0.0
0.0
0.0
0.0
0.0
0.0
0.0
0.0
0.0
0.0
0.0
0.0
0.0
0.0
0.0
0.0
0.0
0.0
0.0
0.0
0.0
0.0
0.0
0.0
0.0
0.0
0.0
0.0
0.0
0.0
0.0
0.0
0.0
0.0
0.0
0.0
0.0
0.0
0.0
0.0
0.0
0.0
0.0
0.0
0.0
0.0
0.0
0.0
0.0
0.0
0.0
0.0
0.0
0.0
0.0
0.0
0.0
0.0
0.0
0.0
0.0
0.0
0.0
0.0
0.0
0.0
0.0
0.0
0.0
0.0
0.0
0.0
0.0
0.0
0.0
0.0
0.0
0.0
0.0
0.0
0.0
0.0
0.0
0.0
0.0
0.0
0.0
0.0
0.0
0.0
0.0
0.0
0.0
0.0
0.0
0.0
0.0
0.0
0.0
0.0
0.0
0.0
0.0
8.04596997240502
8.04596997240502
8.04596997240502
0.0
8.04596997240502
8.04596997240502
8.04596997240502
8.04596997240502
8.04596997240502
8.04596997240502
8.04596997240502
8.04596997240502
8.04596997240502
8.04596997240502
8.04596997240502
8.04596997240502
8.04596997240502
8.04596997240502
16.09193994481004
16.09193994481004
16.09193994481004
16.09193994481004
16.09193994481004
16.09193994481004
16.09193994481004
16.09193994481004
16.09193994481004
24.13790991721506
24.13790991721506
24.13790991721506
24.13790991721506
24.13790991721506
32.18387988962008
32.18387988962008
32.18387988962008
32.18387988962008
32.18387988962008
40.229849862025105
40.229849862025105
40.229849862025105
40.229849862025105
40.229849862025105
48.27581983443012
48.27581983443012
56.32178980683514
56.32178980683514
56.32178980683514
56.32178980683514
56.32178980683514
64.36775977924016
64.36775977924016
72.41372975164518
88.50566969645523
104.59760964126527
104.59760964126527
104.59760964126527
104.59760964126527
104.59760964126527
112.64357961367028
112.64357961367028
112.64357961367028
112.64357961367028
104.59760964126527
104.59760964126527
104.59760964126527
112.64357961367028
112.64357961367028
104.59760964126527
104.59760964126527
112.64357961367028
112.64357961367028
120.68954958607532
128.73551955848032
128.73551955848032
136.78148953088532
144.82745950329036
144.82745950329036
144.82745950329036
136.78148953088532
136.78148953088532
136.78148953088532
144.82745950329036
144.82745950329036
152.8734294756954
160.91939